9.000000000000000222e-01 4.333333333333333481e-02 5.666666666666666380e-02
3.666666666666666685e-02 7.666666666666666075e-02 8.866666666666667140e-01
5.333333333333333676e-02 8.866666666666667140e-01 5.999999999999999778e-02
2.999999999999999889e-02 2.000000000000000042e-02 9.499999999999999556e-01
9.333333333333333481e-01 2.333333333333333440e-02 4.333333333333333481e-02
8.333333333333332871e-02 3.333333333333333287e-02 8.833333333333333037e-01
9.000000000000000222e-01 9.666666666666666463e-02 3.333333333333333547e-03
3.333333333333333547e-03 5.666666666666666380e-02 9.399999999999999467e-01
4.866666666666666918e-01 2.333333333333333370e-01 2.800000000000000266e-01
2.633333333333333082e-01 2.533333333333333548e-01 4.833333333333333370e-01
9.566666666666666652e-01 2.666666666666666838e-02 1.666666666666666644e-02
6.666666666666666574e-02 3.333333333333333287e-02 9.000000000000000222e-01
5.366666666666666252e-01 1.233333333333333365e-01 3.400000000000000244e-01
7.666666666666666075e-02 3.333333333333333148e-01 5.899999999999999689e-01
9.733333333333333837e-01 2.666666666666666838e-02 0.000000000000000000e+00
7.033333333333333659e-01 1.300000000000000044e-01 1.666666666666666574e-01
6.733333333333333393e-01 1.466666666666666674e-01 1.799999999999999933e-01
2.000000000000000042e-02 2.999999999999999889e-02 9.499999999999999556e-01
8.266666666666666607e-01 2.333333333333333440e-02 1.499999999999999944e-01
2.000000000000000042e-02 1.199999999999999956e-01 8.599999999999999867e-01
